       1    2    3    4    5    6    7    8    9   10   11   12   13   14   15   16   17   18   19   20   21   22   23   24   25   26   27   28   29   30

  1 9.99 5.71 6.82 7.00 5.61 3.70 3.27 5.15 3.12 5.62 7.45 4.03 3.61 5.76 4.41 5.23 4.09 6.35 6.71 4.47 4.00 4.12 2.67 3.38 4.17 2.77 3.27 4.88 2.35 4.80
  2 5.71 9.99 3.68 6.02 2.92 5.29 2.73 3.89 3.11 6.70 5.55 5.38 4.55 7.14 4.88 5.02 5.08 5.92 5.03 5.35 5.73 2.65 2.94 2.53 5.65 6.09 4.61 3.83 3.20 6.73
  3 6.82 3.68 9.99 6.85 6.70 3.05 4.47 5.30 3.74 3.50 6.39 3.39 4.85 4.12 3.29 5.83 5.79 4.88 5.86 3.14 3.67 3.20 3.24 4.44 4.55 3.61 3.18 3.65 2.62 3.65
  4 7.00 6.02 6.85 9.99 6.08 3.94 3.98 4.70 3.26 3.94 7.44 4.52 5.73 5.64 4.45 6.26 4.80 6.30 6.15 3.65 5.03 4.06 2.79 3.32 4.08 3.56 3.74 3.24 2.23 5.02
  5 5.61 2.92 6.70 6.08 9.99 2.50 4.70 3.59 3.38 3.36 5.62 3.06 3.77 3.65 5.17 4.77 3.17 4.97 5.05 2.82 3.17 4.33 2.92 3.94 4.09 3.05 4.45 4.38 2.52 2.70
  6 3.70 5.29 3.05 3.94 2.50 9.99 3.14 3.17 2.27 3.83 4.79 8.06 4.00 5.48 3.17 3.86 4.38 3.20 4.03 3.15 6.98 2.14 4.15 2.82 3.09 4.44 3.88 3.71 2.41 5.48
  7 3.27 2.73 4.47 3.98 4.70 3.14 9.99 5.74 3.77 2.62 3.97 3.17 4.59 3.94 2.53 4.80 4.30 3.06 5.42 2.83 3.27 2.91 4.26 5.89 2.68 3.45 2.85 3.39 2.67 2.62
  8 5.15 3.89 5.30 4.70 3.59 3.17 5.74 9.99 5.58 3.14 4.79 2.83 4.41 4.52 2.53 5.67 6.67 3.33 5.53 2.71 3.29 2.17 3.23 6.14 3.30 4.08 2.64 2.38 2.83 3.21
  9 3.12 3.11 3.74 3.26 3.38 2.27 3.77 5.58 9.99 3.74 3.03 2.36 4.38 2.97 2.85 4.05 4.47 2.86 3.56 2.83 2.86 2.14 4.21 4.48 4.35 4.26 2.89 1.98 5.56 2.20
 10 5.62 6.70 3.50 3.94 3.36 3.83 2.62 3.14 3.74 9.99 4.18 3.67 4.45 5.94 5.50 4.30 4.48 5.74 5.44 6.50 4.71 2.26 3.73 2.85 7.05 4.48 4.89 3.76 3.82 5.68
 11 7.45 5.55 6.39 7.44 5.62 4.79 3.97 4.79 3.03 4.18 9.99 5.50 4.58 5.91 3.39 5.27 4.02 5.44 6.52 3.53 5.11 3.86 3.00 3.44 3.08 2.86 3.30 4.70 2.26 4.89
 12 4.03 5.38 3.39 4.52 3.06 8.06 3.17 2.83 2.36 3.67 5.50 9.99 3.53 5.82 3.32 3.65 3.79 4.06 4.26 2.85 6.98 2.32 2.94 2.58 2.79 3.85 3.39 4.47 1.97 5.24
 13 3.61 4.55 4.85 5.73 3.77 4.00 4.59 4.41 4.38 4.45 4.58 3.53 9.99 5.21 3.15 7.26 5.89 4.26 4.55 4.00 4.68 2.64 4.00 4.24 4.50 5.32 3.21 2.56 3.20 4.62
 14 5.76 7.14 4.12 5.64 3.65 5.48 3.94 4.52 2.97 5.94 5.91 5.82 5.21 9.99 4.35 5.09 5.79 5.39 5.85 4.32 6.92 3.02 3.08 3.61 4.82 5.41 3.91 3.64 2.74 5.42
 15 4.41 4.88 3.29 4.45 5.17 3.17 2.53 2.53 2.85 5.50 3.39 3.32 3.15 4.35 9.99 3.30 3.08 6.83 4.18 3.21 3.08 3.73 3.14 2.33 5.53 4.00 7.14 6.45 2.45 2.88
 16 5.23 5.02 5.83 6.26 4.77 3.86 4.80 5.67 4.05 4.30 5.27 3.65 7.26 5.09 3.30 9.99 6.11 5.41 5.30 3.56 4.94 2.26 3.56 4.21 5.11 4.48 3.03 2.83 3.55 4.44
 17 4.09 5.08 5.79 4.80 3.17 4.38 4.30 6.67 4.47 4.48 4.02 3.79 5.89 5.79 3.08 6.11 9.99 4.12 5.55 3.61 4.62 2.06 3.83 4.52 4.29 5.53 3.05 2.85 3.95 3.71
 18 6.35 5.92 4.88 6.30 4.97 3.20 3.06 3.33 2.86 5.74 5.44 4.06 4.26 5.39 6.83 5.41 4.12 9.99 5.58 4.20 3.27 4.18 3.02 2.92 5.18 3.88 5.50 4.97 2.42 3.92
 19 6.71 5.03 5.86 6.15 5.05 4.03 5.42 5.53 3.56 5.44 6.52 4.26 4.55 5.85 4.18 5.30 5.55 5.58 9.99 4.39 4.65 3.23 3.32 5.15 4.70 3.64 3.89 5.18 2.59 3.88
 20 4.47 5.35 3.14 3.65 2.82 3.15 2.83 2.71 2.83 6.50 3.53 2.85 4.00 4.32 3.21 3.56 3.61 4.20 4.39 9.99 3.77 1.98 3.71 2.85 5.42 4.14 3.92 3.47 2.67 5.86
 21 4.00 5.73 3.67 5.03 3.17 6.98 3.27 3.29 2.86 4.71 5.11 6.98 4.68 6.92 3.08 4.94 4.62 3.27 4.65 3.77 9.99 2.26 3.03 2.85 4.39 4.67 2.95 3.23 3.05 6.83
 22 4.12 2.65 3.20 4.06 4.33 2.14 2.91 2.17 2.14 2.26 3.86 2.32 2.64 3.02 3.73 2.26 2.06 4.18 3.23 1.98 2.26 9.99 2.18 2.82 2.41 2.74 3.18 2.56 2.08 2.05
 23 2.67 2.94 3.24 2.79 2.92 4.15 4.26 3.23 4.21 3.73 3.00 2.94 4.00 3.08 3.14 3.56 3.83 3.02 3.32 3.71 3.03 2.18 9.99 3.76 4.24 5.83 4.47 2.85 4.65 3.14
 24 3.38 2.53 4.44 3.32 3.94 2.82 5.89 6.14 4.48 2.85 3.44 2.58 4.24 3.61 2.33 4.21 4.52 2.92 5.15 2.85 2.85 2.82 3.76 9.99 2.73 4.30 2.14 2.56 2.97 2.53
 25 4.17 5.65 4.55 4.08 4.09 3.09 2.68 3.30 4.35 7.05 3.08 2.79 4.50 4.82 5.53 5.11 4.29 5.18 4.70 5.42 4.39 2.41 4.24 2.73 9.99 5.68 5.20 3.59 3.94 5.53
 26 2.77 6.09 3.61 3.56 3.05 4.44 3.45 4.08 4.26 4.48 2.86 3.85 5.32 5.41 4.00 4.48 5.53 3.88 3.64 4.14 4.67 2.74 5.83 4.30 5.68 9.99 4.39 2.48 3.92 5.14
 27 3.27 4.61 3.18 3.74 4.45 3.88 2.85 2.64 2.89 4.89 3.30 3.39 3.21 3.91 7.14 3.03 3.05 5.50 3.89 3.92 2.95 3.18 4.47 2.14 5.20 4.39 9.99 5.73 2.39 3.08
 28 4.88 3.83 3.65 3.24 4.38 3.71 3.39 2.38 1.98 3.76 4.70 4.47 2.56 3.64 6.45 2.83 2.85 4.97 5.18 3.47 3.23 2.56 2.85 2.56 3.59 2.48 5.73 9.99 1.74 2.89
 29 2.35 3.20 2.62 2.23 2.52 2.41 2.67 2.83 5.56 3.82 2.26 1.97 3.20 2.74 2.45 3.55 3.95 2.42 2.59 2.67 3.05 2.08 4.65 2.97 3.94 3.92 2.39 1.74 9.99 2.71
 30 4.80 6.73 3.65 5.02 2.70 5.48 2.62 3.21 2.20 5.68 4.89 5.24 4.62 5.42 2.88 4.44 3.71 3.92 3.88 5.86 6.83 2.05 3.14 2.53 5.53 5.14 3.08 2.89 2.71 9.99